camera_matrix:
- - 1017.8558781269913
  - 0.0
  - 365.76713048420874
- - 0.0
  - 976.4253660513746
  - 239.93608856211887
- - 0.0
  - 0.0
  - 1.0
dist_coeff:
- - 0.8697099256430239
  - 38.981474492317766
  - 0.327782646085747
  - 0.27182225622781064
  - -432.5132841994922
