camera_matrix:
- - 1398.741452189012
  - 0.0
  - 729.5125085638415
- - 0.0
  - 1392.8233893093816
  - 547.4722939119771
- - 0.0
  - 0.0
  - 1.0
dist_coeff:
- - -0.0476476959703168
  - 5.890636564555156
  - 0.02233034150362682
  - 0.010930054311162878
  - -39.41676661255473
